000000536444
000000153038
000000081922
000000078537
000000451202
000000412184
000000253223
000000504811
000000145019
000000379605
000000167588
000000533201
000000539226
000000412019
000000134328
000000467966
000000467475
000000306229
000000258285
000000084567
000000413096
000000461123
000000351369
000000079392
000000333365
000000512334
000000064510
000000072776
000000088556
000000145921
000000373029
000000020784
000000543203
000000283498
000000336384
000000299649
000000342490
000000125870
000000383464
000000526711
000000126659
000000028389
000000172599
000000244246
000000440928
000000175942
000000227940
000000149974
000000439657
000000305480
000000000074
000000369190
000000233660
000000070815
000000392659
000000278550
000000161141
000000082312
000000326911
000000216861
000000316694
000000333018
000000358765
000000056205
000000469480
000000297980
000000310442
000000317715
000000446409
000000124462
000000283505
000000557451
000000020307
000000111970
000000280736
000000094536
000000009801
000000142718
000000049428
000000536589
000000017244
000000536833
000000295403
000000484028
000000258112
000000275441
000000509822
000000120340
000000131581
000000037209
000000495183
000000083045
000000430519
000000337011
000000334140
000000171962
000000383777
000000434891
000000259049
000000551517
000000269436
000000018750
000000566038
000000524361
000000265378
000000385473
000000137490
000000268927
000000175331
000000096514
000000071145
000000550666
000000464033
000000095736
000000076310
000000126502
000000355860
000000393145
000000559051
000000256250
000000424219
000000327433
000000368442
000000040926
000000545959
000000262323
000000411908
000000106722
000000548296
000000536720
000000412693
000000234057
000000153184
000000254172
000000505733
000000543713
000000435569
000000328661
000000426629
000000556205
000000459933
000000388619
000000438024
000000261870
000000411093
000000448176
000000254919
000000301641
000000403255
000000005394
000000139440
000000348140
000000305545
000000526622
000000212122
000000194013
000000204805
000000063240
000000100234
000000177069
000000137330
000000558483
000000543551
000000010104
000000049119
000000148077
000000112800
000000025685
000000492067
000000233090
000000265234
000000120806
000000293153
000000249482
000000474215
000000480657
000000495064
000000529083
000000362092
000000014845
000000246233
000000382683
000000450711
000000338607
000000032688
000000021378
000000378561
000000102735
000000185327
000000012993
000000436350
000000535588
000000363927
000000005879
000000574280
000000322922
000000279140
000000484723
000000287186
000000170232
000000330455
000000301188
000000573962
000000082673
000000425280
000000296012
000000148526
000000242673
000000078627
000000390241
000000291606
000000133503
000000044312
000000424464
000000243031
000000510169
000000128262
000000411201
000000245818
000000341017
000000217846
000000232949
000000050125
000000068520
000000149669
000000493610
000000373140
000000301937
000000528786
000000194306
000000075283
000000026654
000000346071
000000408307
000000252203
000000395230
000000458424
000000239985
000000569729
000000098194
000000382406
000000354537
000000351840
000000357542
000000540449
000000200023
000000135116
000000546642
000000106166
000000026730
000000094140
000000521869
000000444576
000000135275
000000397375
000000421569
000000016180
000000360510
000000559776
000000578632
000000031392
000000207557
000000483249
000000068878
000000441165
000000190326
000000188651
000000341659
000000565797
000000554377
000000174871
000000302292
000000474667
000000402333
000000045208
000000340004
000000342817
000000437126
000000488387
000000265313
000000540669
000000461775
000000566717
000000196371
000000513585
000000395290
000000581157
000000504167
000000003711
000000254540
000000529968
000000067164
000000129864
000000143876
000000051880
000000434958
000000344368
000000230151
000000173530
000000161079
000000019157
000000075216
000000173401
000000148055
000000149912
000000512796
000000503008
000000099908
000000554466
000000403432
000000195800
000000557016
000000180362
000000459922
000000277542
000000185360
000000529004
000000495332
000000386227
000000279824
000000351620
000000373255
000000490708
000000264737
000000541274
000000416385
000000316499
000000067208
000000482597
000000504101
000000540529
000000169683
000000521804
000000296816
000000227845
000000437609
000000011169
000000142722
000000573896
000000240217
000000376247
000000321683
000000398440
000000060202
000000212545
000000471175
000000325969
000000251716
000000185156
000000176697
000000376608
000000263146
000000426342
000000047263
000000364010
000000378163
000000235126
000000361022
000000555669
000000184771
000000459566
000000537955
000000424378
000000236954
000000329011
000000176474
000000033405
000000137803
000000129520
000000400456
000000050411
000000037675
000000138246
000000097609
000000286813
000000218026
000000262394
000000561187
000000364113
000000483897
000000101013
000000579463
000000347836
000000139567
000000020779
000000197254
000000578902
000000562232
000000085316
000000578776
000000044823
000000143653
000000018046
000000479203
000000082138
000000313359
000000342322
000000420090
000000563050
000000294593
000000370709
000000425722
000000415183
000000315062
000000337133
000000302206
000000273728
000000139140
000000546264
000000317320
000000000775
000000520524
000000432623
000000282150
000000578016
000000154587
000000108531
000000469134
000000178078
000000488943
000000212558
000000146701
000000355221
000000005205
000000064723
000000487631
000000460145
000000483994
000000138083
000000337044
000000326592
000000239048
000000402626
000000412963
000000084980
000000581654
000000384007
000000563009
000000290521
000000018148
000000502766
000000240537
000000178761
000000286327
000000432038
000000062875
000000452158
000000141086
000000062167
000000550013
000000007414
000000176078
000000499302
000000283910
000000427133
000000290269
000000051844
000000425608
000000429697
000000027438
000000271138
000000335631
000000020608
000000574928
000000327872
000000276076
000000310082
000000354533
000000260627
000000071345
000000522137
000000540160
000000134010
000000568961
000000419401
000000163333
000000210241
000000451896
000000491881
000000226801
000000450182
000000446113
000000278760
000000442681
000000291067
000000427001
000000257586
000000538153
000000547583
000000425404
000000471642
000000049646
000000079566
000000290451
000000397523
000000063855
000000566757
000000011703
000000231349
000000217883
000000318524
000000528811
000000026393
000000545093
000000074030
000000195598
000000078865
000000507950
000000247543
000000050354
000000496765
000000007096
000000129587
000000011340
000000111789
000000181359
000000322031
000000384553
000000266853
000000555472
000000237777
000000143221
000000465324
000000450728
000000231952
000000118401
000000033717
000000231341
000000574834
000000399058
000000002985
000000350134
000000273579
000000570594
000000067125
000000022423
000000018896
000000388674
000000252459
000000326593
000000133867
000000456192
000000300246
000000530407
000000344197
000000109265
000000046761
000000285599
000000062250
000000381254
000000366295
000000194411
000000210980
000000142574
000000243418
000000127775
000000229150
000000548420
000000292685
000000447927
000000545292
000000085926
000000077118
000000218255
000000498460
000000145439
000000219594
000000355471
000000372652
000000495199
000000111840
000000438692
000000318721
000000069009
000000192676
000000006748
000000126123
000000006437
000000091844
000000553162
000000005184
000000326369
000000450004
000000523529
000000218215
000000361341
000000239888
000000028957
000000044250
000000568082
000000101265
000000315824
000000487461
000000325664
000000100329
000000439007
000000502084
000000430805
000000531334
000000479057
000000249623
000000180167
000000001442
000000013843
000000212688
000000405226
000000204381
000000361693
000000203635
000000307209
000000454956
000000188173
000000032456
000000487095
000000102275
000000241037
000000285388
000000511138
000000140691
000000245750
000000110258
000000452027
000000460567
000000545678
000000430804
000000238700
000000455229
000000276892
000000516026
000000138821
000000032193
000000164095
000000149890
000000495348
000000364589
000000185821
000000239194
000000209186
000000573932
000000423723
000000544975
000000524373
000000057350
000000558736
000000062020
000000383282
000000277932
000000518605
000000402619
000000092624
000000461245
000000312724
000000456756
000000553867
000000116289
000000010211
000000294724
000000163759
000000058223
000000054305
000000363321
000000315018
000000209015
000000068203
000000262006
000000220307
000000112164
000000440842
000000091520
000000540694
000000172265
000000513778
000000053748
000000367860
000000023660
000000337143
000000203697
000000022103
000000034617
000000014470
000000307547
000000080713
000000468993
000000511654
000000173908
000000076942
000000420081
000000454642
000000400853
000000546388
000000097434
000000345071
000000470703
000000359715
000000147386
000000164515
000000523953
000000344125
000000503837
000000236148
000000193875
000000367336
000000236717
000000238147
000000032760
000000534829
000000518262
000000475725
000000281296
000000215353
000000370210
000000205573
000000153692
000000319055
000000038769
000000392364
000000327663
000000289949
000000298762
000000323528
000000015663
000000377832
000000199883
000000105647
000000482742
000000195510
000000321107
000000252625
000000123555
000000154830
000000215867
000000204360
000000416523
000000326168
000000061181
000000204887
000000349689
000000362343
000000223874
000000366111
000000321886
000000406949
000000452700
000000478858
000000187286
000000525058
000000314986
000000445309
000000468953
000000387761
000000123289
000000163412
000000174043
000000282130
000000447119
000000175570
000000578962
000000429042
000000522262
000000267802
000000187349
000000267972
000000462565
000000213932
000000107960
000000391637
000000464006
000000023821
000000142129
000000190515
000000083844
000000384849
000000257448
000000019451
000000572604
000000511583
000000115229
000000299970
000000301634
000000254864
000000437432
000000369820
000000236904
000000425555
000000035894
000000334391
000000129187
000000531189
000000047367
000000566027
000000163782
000000401907
000000253964
000000471350
000000514248
000000011320
000000334614
000000575293
000000284954
000000029913
000000006019
000000258860
000000062459
000000078488
000000424641
000000172478
000000370448
000000386032
000000434693
000000559950
000000089999
000000483108
000000025853
000000151877
000000106739
000000493846
000000237568
000000495993
000000004355
000000258021
000000561433
000000397514
000000234794
000000027755
000000242940
000000056580
000000385757
000000046099
000000410855
000000574242
000000420627
000000415828
000000332877
000000243810
000000346904
000000488327
000000067956
000000457834
000000101491
000000070493
000000198176
000000128168
000000270376
000000277094
000000024343
000000399905
000000252911
000000182176
000000319345
000000190150
000000057323
000000022671
000000155997
000000532426
000000140006
000000353748
000000288923
000000468508
000000428769
000000285742
000000097131
000000235380
000000198775
000000471097
000000185373
000000170393
000000264718
000000198139
000000062200
000000258674
000000124102
000000094610
000000559252
000000556616
000000273450
000000230600
000000504970
000000110881
000000056070
000000309492
000000471488
000000186821
000000115626
000000131494
000000541223
000000173797
000000003134
000000150267
000000416220
000000217886
000000133827
000000480951
000000113935
000000515876
000000406841
000000320290
000000004678
000000201190
000000349642
000000007394
000000318464
000000309071
000000543112
000000475407
000000019608
000000111099
000000012547
000000171753
000000171809
000000072810
000000190494
000000096420
000000161603
000000397268
000000415672
000000507249
000000435937
000000257236
000000241291
000000043202
000000571970
000000528962
000000465692
000000147576
000000237428
000000075923
000000252280
000000451559
000000386279
000000251124
000000320246
000000227460
000000435387
000000264599
000000567171
000000016977
000000359451
000000449768
000000102746
000000450674
000000408621
000000349199
000000139637
000000178939
000000386165
000000276719
000000027519
000000560373
000000392892
000000241318
000000161112
000000318361
000000496402
000000074583
000000458119
000000291412
000000371890
000000145448
000000549649
000000257036
000000325768
000000387478
000000208991
000000541813
000000315173
000000303768
000000109323
000000290070
000000081315
000000178084
000000288769
000000561500
000000120021
000000246265
000000017882
000000225784
000000440284
000000190447
000000565374
000000021711
000000021452
000000567944
000000093314
000000033815
000000171360
000000292505
000000221547
000000232511
000000260247
000000062443
000000097427
000000287560
000000546428
000000444382
000000107907
000000460378
000000051533
000000445371
000000444073
000000156458
000000132689
000000052368
000000075344
000000288336
000000510515
000000553862
000000204507
000000038259
000000173997
000000331386
000000262161
000000181296
000000131597
000000078288
000000318778
000000389255
000000163076
000000029709
000000172319
000000090020
000000413626
000000089150
000000259342
000000215708
000000325623
000000400728
000000049097
000000043433
000000103757
000000144941
000000032907
000000166401
000000567787
000000170365
000000459141
000000541550
000000315923
000000212646
000000081943
000000258985
000000576576
000000377867
000000561121
000000036124
000000435444
000000184945
000000340998
000000274773
000000540860
000000471858
000000557552
000000345507
000000162362
000000449950
000000217387
000000109434
000000511777
000000225919
000000390348
000000270744
000000057703
000000511463
000000210060
000000133608
000000018783
000000162256
000000536321
000000123360
000000063619
000000308358
000000555622
000000056752
000000360767
000000079841
000000065604
000000543193
000000145025
000000298784
000000274528
000000158795
000000013296
000000124979
000000353577
000000210522
000000581394
000000292819
000000294918
000000101636
000000031092
000000256505
000000330098
000000004069
000000377999
000000108679
000000032054
000000106900
000000069189
000000184613
000000153734
000000258472
000000325867
000000331366
000000467000
000000301724
000000122302
000000314515
000000515289
000000415904
000000018666
000000001722
000000023879
000000142261
000000332221
000000104647
000000490629
000000147068
000000303101
000000052661
000000418816
000000184703
000000049942
000000294403
000000316183
000000081210
000000274418
000000057645
000000310071
000000162429
000000432702
000000482590
000000486194
000000563605
000000545735
000000459680
000000495357
000000278435
000000346965
000000264659
000000157155
000000493641
000000210883
000000193622
000000118181
000000534736
000000246590
000000139011
000000157416
000000506577
000000575254
000000451944
000000549386
000000418535
000000188146
000000529344
000000511844
000000576650
000000413339
000000298225
000000261603
000000564276
000000536725
000000089032
000000196742
000000429025
000000386707
000000124766
000000001146
000000530207
000000258680
000000317330
000000479597
000000501919
000000304379
000000534516
000000117037
000000519330
000000471641
000000044081
000000187791
000000163289
000000118097
000000291202
000000363403
000000434415
000000564404
000000430791
000000480757
000000135117
000000053677
000000056504
000000507187
000000488573
000000222548
000000492395
000000099518
000000253262
000000364009
000000517296
000000580255
000000006033
000000431113
000000450206
000000534784
000000239355
000000349437
000000217312
000000312175
000000317410
000000282658
000000027530
000000058690
000000228604
000000124210
000000405648
000000262030
000000394957
000000510782
000000242679
000000182903
000000305978
000000366179
000000508541
000000438364
000000552636
000000432378
000000225076
000000492885
000000574357
000000191990
000000387773
000000497878
000000355370
000000321432
000000515854
000000452695
000000086408
000000356533
000000531499
000000058758
000000022158
000000088634
000000133515
000000339588
000000399832
000000408805
000000009668
000000241599
000000564629
000000097159
000000332480
000000411941
000000466665
000000229324
000000375317
000000298461
000000426714
000000358359
000000472530
000000421457
000000141017
000000479376
000000140661
000000059774
000000196789
000000577744
000000396691
000000356787
000000404652
000000518177
000000300124
000000105547
000000091080
000000092514
000000486122
000000319616
000000105683
000000468277
000000462527
000000037017
000000569801
000000540642
000000534659
000000260330
000000157669
000000277563
000000393180
000000095595
000000467297
000000477016
000000348447
000000509192
000000161567
000000103538
000000180495
000000470113
000000545101
000000538231
000000499391
000000577857
000000394659
000000337815
000000284365
000000183249
000000549954
000000063661
000000535977
000000439827
000000246478
000000563898
000000463613
000000307379
000000356788
000000525075
000000349376
000000436975
000000207739
000000044911
000000126182
000000121366
000000312718
000000318677
000000396421
000000494383
000000544371
000000497160
000000491579
000000419449
000000497698
000000291321
000000023541
000000205350
000000168834
000000508846
000000007722
000000347879
000000028903
000000435316
000000325356
000000063950
000000189939
000000185773
000000030356
000000271035
000000497443
000000467675
000000058910
000000337984
000000562090
000000391253
000000293334
000000231236
000000379158
000000229643
000000045976
000000212074
000000573223
000000214727
000000062491
000000336001
000000299776
000000482022
000000168031
000000398758
000000533452
000000515670
000000318722
000000296524
000000557562
000000410019
000000375909
000000068198
000000411177
000000504586
000000248167
000000257458
000000051025
000000338159
000000501191
000000303706
000000544122
000000048419
000000384111
000000331883
000000406555
000000283768
000000287190
000000419081
000000431197
000000048185
000000374017
000000132578
000000228506
000000045108
000000072077
000000426165
000000144870
000000297620
000000424432
000000443537
000000570995
000000396432
000000520933
000000332775
000000293027
000000573753
000000312550
000000062398
000000172993
000000022759
000000279159
000000245006
000000261981
000000094021
000000539971
000000534942
000000346112
000000220292
000000507384
000000015978
000000044022
000000243218
000000020207
000000056646
000000016164
000000013882
000000173350
000000373193
000000145544
000000304447
000000292365
000000218924
000000401614
000000168543
000000254045
000000494345
000000572075
000000279463
000000411685
000000455365
000000241876
000000198563
000000216664
000000098302
000000184557
000000258523
000000557239
000000216428
000000285421
000000199158
000000187424
000000356906
000000491203
000000383780
000000504900
000000382668
000000186589
000000546210
000000074743
000000368905
000000283471
000000538132
000000053289
000000425591
000000031893
000000137507
000000401112
000000080213
000000358976
000000159170
000000320600
000000453507
000000006589
000000089430
000000223757
000000290659
000000080757
000000051272
000000252127
000000362327
000000112388
000000091885
000000535809
000000446626
000000523174
000000398489
000000544590
000000540452
000000191738
000000454601
000000155199
000000363853
000000393547
000000285968
000000161840
000000490725
